.Random.seed <-
c(10403L, 224L, 1817516970L, -1041070735L, 721631386L, 1778645922L, 
-369609873L, 661973715L, 1376638928L, 1400627362L, -436789549L, 
1108945404L, 1130090443L, 720561119L, 1206321093L, 59063109L, 
259973104L, 1801803377L, -1617479995L, -821807094L, -738469375L, 
-612392921L, -380699026L, -955669194L, 1692770969L, 1150346611L, 
1600239239L, 1903177700L, -2050542611L, 289441143L, -769469908L, 
-323071593L, -823003832L, -757098732L, -691278570L, 1950061272L, 
35786419L, 1403264752L, 1833812360L, -1529022709L, 1573847223L, 
-1737991606L, -2048837822L, 1688816063L, -1239857438L, 1656409306L, 
-1589110301L, 725334982L, -784352382L, 2039604107L, -18711782L, 
337505558L, -25782097L, 607005402L, -1333804766L, -1362087096L, 
-1616580249L, 1386450755L, -909728960L, 1211571836L, -1276600638L, 
1776027628L, 2050476590L, -188836153L, -1280970544L, 1524731172L, 
1254144949L, 497465376L, 1951313368L, -1103251235L, 125932655L, 
1307909751L, 1365323549L, 1707050526L, -1347796983L, 943750392L, 
-331827268L, 1534482268L, -1437548827L, 1367775053L, 1151278387L, 
656081428L, 1049065722L, 748475322L, -376807333L, 1064322574L, 
28981656L, 1628015277L, 843474564L, -307949362L, 178922820L, 
1944185278L, 465843039L, -169743046L, 547235980L, -829278658L, 
-1396774242L, 825022225L, 1167116660L, 1721604381L, -676868220L, 
1230033573L, 59417510L, -799859021L, 954824833L, 1723184192L, 
372574096L, 1704611643L, 1341883366L, 778659809L, -580801917L, 
1090812994L, 152865205L, 537953759L, -2001919774L, 109390692L, 
-1557528444L, 629298162L, 1753222498L, -1097767108L, -1073147905L, 
-450573039L, -1359126579L, -1408231231L, -1724695136L, 194525860L, 
1095947210L, 1305698898L, 194379440L, 283223534L, 495967400L, 
1409915359L, -1612080547L, 489140623L, -1810219966L, -1316078821L, 
1873736911L, -1322809459L, -896732672L, -926615236L, 2082548766L, 
493925394L, -2128233875L, 1196610994L, -108609286L, 1292699883L, 
-1413869942L, 1605315228L, 1334349622L, -1796141264L, -423374175L, 
1539623378L, 1590800443L, -118568585L, 895863126L, 1041847599L, 
-1659682720L, 1827130365L, 1905373215L, 1264926331L, 1606376403L, 
1026185169L, -1058502694L, -1287745816L, -1040016382L, -610320598L, 
2047559830L, 587981412L, -1245034037L, -35465243L, -1227249006L, 
2454900L, -2140193832L, 62170933L, 884143279L, -1346562802L, 
-677391651L, 1191214807L, -65238091L, -1886441672L, -1669364416L, 
-830529676L, -1813369196L, -1430530755L, -1323203527L, 215885376L, 
-659817510L, 1043421713L, -1761926940L, -515001840L, 1075979498L, 
1402617804L, 1787406479L, 1187793960L, 778525277L, -696966168L, 
1539330258L, -2000049173L, -1218050115L, -1721511622L, 1275885900L, 
1188045289L, 1351634934L, 1751235067L, 167865638L, -993025347L, 
-619533754L, 2040256848L, -856564679L, -2064314853L, -1930217337L, 
459209835L, -1241874425L, -178216923L, -271267375L, 1737105814L, 
263166346L, 1982518749L, -2102472697L, -1434986986L, 1141245249L, 
886018611L, -989561458L, -628222788L, -17441637L, -1805030991L, 
1645689612L, 1678035400L, -1338256601L, -904140707L, -714038762L, 
-1795422857L, 783104298L, -1634592504L, -194783599L, 1102406693L, 
-1692834035L, -85479350L, 2140469831L, 228978895L, -1761323533L, 
-254079403L, 520182565L, 898304581L, -563116663L, -295325152L, 
439106376L, 1228727383L, 1575705258L, -1816647033L, -551852876L, 
630374072L, 155685516L, 910808278L, -1417624681L, 1006926681L, 
-1179011372L, 343986861L, -413326474L, 848312599L, -1677342004L, 
373981420L, 1317541929L, -99212329L, -1761878307L, 222983223L, 
461826177L, 1725961264L, -233798159L, -1388333488L, -847680387L, 
-1249003335L, 990251069L, -1846744413L, 1460324659L, 1779778795L, 
-1145612922L, 1993961499L, 1357929750L, -1947010748L, 581412135L, 
1241438774L, 913242757L, 1845971243L, 1560201220L, -2067822165L, 
-1494983714L, 2050330979L, 1145599972L, -1988542603L, 1737372242L, 
-816319323L, -2001269698L, -776764564L, 480553830L, 1915897774L, 
1142046449L, -113073506L, -639774684L, 1970453223L, -909607237L, 
1438507599L, 851991707L, 318101829L, -1473254085L, -1906935660L, 
-1883892559L, -1938341494L, -1964932551L, -1196732240L, 151841579L, 
75587892L, 388822744L, 214388295L, 470110582L, -999265804L, 1778045832L, 
-973092216L, -175928975L, 764557577L, -805632145L, -1344359635L, 
-2120425251L, -2056626838L, -1265170878L, -1007379559L, 1986560584L, 
-2038199459L, -1660126200L, 313751925L, 620987108L, 1699647669L, 
-1936803553L, -126717904L, -229790580L, 1595820489L, 523154916L, 
117522143L, 1787079354L, 193081885L, -463971955L, 1642230680L, 
2083439009L, 1193443565L, -2090056169L, -182118192L, -439381734L, 
1694731744L, -815934636L, -1285325282L, -1948099790L, -1413847427L, 
291443770L, 714377813L, -1994393707L, -775768562L, -1348603286L, 
1416032083L, 558180270L, -547469863L, 855226266L, 1380937597L, 
1705489806L, 365473889L, -1796409611L, -1203878659L, -671201159L, 
1117274267L, 137955216L, 1944333149L, -970878890L, 423663659L, 
-867309031L, 1636009133L, -2128195262L, 98368958L, -154291461L, 
1149594591L, 2031785584L, 1898596015L, 1711711990L, -198998910L, 
-1747098909L, -1251134229L, 762239706L, -994754079L, 1558039829L, 
2003796111L, -1084213445L, 79355194L, -2113006896L, 676735975L, 
-1712061200L, 1293387545L, -1131855751L, 1069867742L, 2068546211L, 
1060044349L, 1861092746L, -1152089469L, 1805868735L, 808750618L, 
627277378L, -142256851L, -668312449L, 952734194L, -1640787165L, 
406302068L, -1065598043L, 1996705885L, 1094004236L, -1093595565L, 
726330109L, -1429550215L, 784787758L, 2035640126L, -310861100L, 
-136700683L, 805329580L, -118475645L, 1292434784L, -1552041937L, 
-1707967719L, -2059837513L, -1061935655L, 219590404L, -1047991081L, 
1932225996L, -888755334L, 692813065L, 1849666955L, -1178530991L, 
-1877935830L, -1124741225L, 627097002L, 1042743964L, -929895715L, 
950407930L, 1199781869L, -1016125420L, 1837703916L, -169139695L, 
-1900849L, -743687128L, 654382930L, -711303182L, -621469287L, 
-1924983202L, 1081352455L, 1258527261L, -225107244L, -566984939L, 
1059446679L, -728193314L, 56836114L, 163234945L, -896822992L, 
-874241307L, -1456090705L, 1543709754L, -203544511L, 124318382L, 
-892059932L, -1646004568L, 1345689575L, -1540568293L, 2100121973L, 
912152409L, 1871934410L, 929423527L, 1534931727L, -1319038353L, 
-736658506L, 1359021093L, 933185662L, -639489678L, -1008596674L, 
1242291037L, -2011437362L, 1988769059L, -1937262581L, -919315170L, 
-7624375L, 1512067322L, 1989757467L, 235315225L, -102250556L, 
305805726L, 658449946L, -342184694L, 761641575L, 189408113L, 
-1370364276L, -1572215868L, 390055191L, -1921181279L, -1283802481L, 
-1637301745L, -469518585L, 803277258L, -632803563L, -139166499L, 
-2136644763L, 1031090729L, -2106105481L, -621614795L, -1293055052L, 
1707588278L, -1313427958L, -1354415177L, -2118470720L, -1370112816L, 
1023076831L, -2059970043L, -699469738L, -780585492L, 752473056L, 
-328610869L, -486307627L, -631584745L, 1316029825L, 1219507284L, 
343863181L, -1458423330L, -453009402L, -112688777L, -931407313L, 
-137420252L, -1111739521L, -948622836L, 581368009L, -1065304598L, 
800995682L, 1839239319L, -160321772L, 784093973L, 300760976L, 
1827509972L, -1547522647L, 1978133013L, -180677988L, -1905721787L, 
1951069241L, -352655552L, -1147497644L, -1718076844L, 15566767L, 
924849161L, 397486439L, -824747141L, -580216101L, -477174450L, 
-1940386411L, 1982739158L, -79510148L, -144155278L, -976536871L, 
2102446754L, 128022317L, -990403728L, -734796912L, 1811308504L, 
-184243519L, 456761837L, -2040160578L, 1949675280L, -2041310473L, 
1884772258L, 2122611979L, 255451349L, -1742410409L, 1017458863L, 
-1760019813L, 1777745507L, 1847357741L, 1555715274L, -634092227L, 
2100115148L, 1083551731L, 136650390L, 1292654373L, 1082761783L, 
146718658L, -1642235445L, 1211790295L, 1766042317L, 558384444L, 
-1939473580L, -381470286L, -1302931265L, 580616055L, 1348060287L, 
-548589753L, 2032811671L, -481859587L, 1836636955L, 1827601896L, 
-149565824L, -1873785518L, 1910207135L, -668294699L, -1836165925L, 
